146730 184255 216528 223416 203884 160219 111601 154908 206471 218986 
144344 162877 190173 183922 155151 140368 111544 115969 175530 185187 
133885 222431 244428 268983 207080 211112 153424 158136 248388 238530 
141133 170109 150488 175024 129034 89599 135062 117429 148320 163645 
151136 218898 197194 260068 205232 126373 156468 166741 221922 236352 
126320 157958 175774 171442 168505 128062 90603 113992 188966 200734 
153783 216417 258006 252836 220446 230979 157782 146912 246303 237383 
184118 279965 257908 310883 261394 197814 212390 190046 266557 279814 
159448 239257 230378 271602 170976 171772 198375 159814 217196 225036 
123255 190200 171731 185546 135667 133743 131987 121517 138488 159155 
